1000
-51
-75
33
95
-26
82
-2
77
46
27
-35
65
96
45
-95
25
66
53
-37
90
7
-22
82
-55
-60
-66
-21
-45
46
39
89
47
64
22
42
-62
5
-60
68
-49
20
-67
68
-32
31
74
93
-3
-21
-91
-60
38
-61
-78
35
-21
-92
-85
34
6
54
-25
-46
-30
97
96
8
2
89
-72
5
-39
-86
-74
29
45
-100
23
94
-69
32
86
70
71
-91
5
-98
69
-28
-12
-24
78
63
30
-52
12
-22
9
67
-81
37
-28
-20
51
-2
62
-52
-50
-15
95
-66
69
81
56
-8
42
-87
-54
12
-14
34
88
-84
-51
-30
-35
61
0
26
-20
20
-85
53
52
67
-97
14
67
-94
99
14
-60
20
-52
48
-88
90
61
-90
-46
-53
-4
94
-36
45
-36
-19
-41
65
-93
39
-63
-78
-56
89
41
-100
4
-39
58
-45
27
50
76
75
-2
40
66
-41
51
72
7
-53
67
23
45
-69
56
56
48
15
-53
85
37
-56
75
-69
-56
-69
-56
-98
-14
71
52
-86
47
-98
55
-35
-39
6
-63
20
5
-96
-57
-50
88
51
58
36
-34
-94
-26
56
-50
-99
87
-6
-68
83
-52
-30
54
52
-15
-47
54
-60
-30
-85
-2
8
-12
55
-36
31
-94
-48
-17
16
41
1
22
-85
-43
72
-84
96
-82
-100
79
-82
-30
-14
22
55
39
-72
47
-90
96
-55
-30
-16
-99
34
67
59
87
-98
-25
28
4
50
-5
61
22
-37
58
-7
-37
37
-37
-15
-77
86
-59
15
-86
88
-23
-90
86
47
-6
39
-19
-38
-50
-80
-36
-23
0
68
-73
47
-18
2
-90
-60
47
-75
29
-90
11
53
96
4
-80
63
-8
-3
25
-70
96
-80
69
-23
-66
71
-50
-50
-51
50
71
-72
-50
-47
30
-40
-55
-71
-14
74
-60
49
-21
88
-47
-1
3
-3
48
-71
28
44
-99
-51
74
-65
73
-76
-63
-78
26
60
-50
76
-87
33
89
-90
62
-73
85
54
76
-36
43
-71
16
-54
26
-36
-25
-94
-91
-24
-92
83
-37
81
59
-47
-97
-15
-87
-95
-86
79
-10
-97
89
-47
-70
26
-93
58
91
2
87
-41
1
-35
23
76
-76
32
-95
-68
-33
-80
-87
-74
-75
-84
-36
91
73
-70
70
-36
85
11
-31
-85
-62
-72
25
81
31
-36
-60
-68
29
15
60
53
-52
17
85
-33
-10
98
-54
15
66
10
6
-8
40
-72
56
25
40
-75
-8
30
-47
69
-37
36
-67
-45
20
62
70
-19
-32
70
98
-95
-62
-60
56
-64
56
-26
46
-86
66
-62
-57
22
15
35
-1
59
-83
5
28
-20
-59
61
-13
62
-25
-91
95
-5
80
45
1
70
86
-91
-94
42
-17
4
8
-50
42
51
24
-91
-62
-76
68
-45
-19
-52
-13
-26
61
74
-64
88
84
83
-16
16
29
37
-62
-33
-2
-56
61
81
48
-31
-69
-58
-79
56
-97
-89
32
23
-33
-87
71
6
-13
-16
-67
-24
-28
69
-41
8
-15
40
97
23
-93
-5
19
68
-71
-81
-62
-40
-87
-89
68
-84
-78
0
39
-59
-35
-38
48
53
-2
81
81
22
50
92
83
87
-15
80
10
-8
-72
81
-87
-43
-100
-97
-31
65
66
-62
81
88
-10
-28
82
8
-14
30
-39
84
-37
94
6
-87
86
-11
52
-29
-78
-86
16
-98
95
-19
-89
47
-16
-20
12
-50
-30
-55
90
13
17
72
-79
-97
-46
-66
87
-31
-72
-55
-18
66
-13
-66
-62
9
-52
6
-37
95
87
-26
42
-29
6
-94
-27
77
-49
-85
-10
68
40
-37
23
94
-3
-38
-36
25
8
-2
-9
47
-15
-19
-44
-15
87
-29
-67
26
45
27
97
-49
34
-78
80
85
-62
-30
6
78
-15
-71
24
82
-56
40
7
52
-61
51
-1
-24
84
7
13
24
78
46
-50
-25
-26
-52
-22
-92
-78
-41
45
-40
-19
-49
-62
67
-67
63
49
-23
-45
-91
81
-6
12
-68
22
-4
-9
-64
-80
-79
34
-29
-4
-92
-29
74
68
-7
85
14
6
-33
17
-4
-66
50
-41
35
79
-33
44
60
61
-92
44
-64
5
-65
-76
-23
-44
58
0
4
67
23
-21
35
69
-36
-99
-25
-17
19
71
17
-79
83
-95
-99
-50
49
13
63
58
-42
51
-85
-55
75
-56
2
34
45
-94
1
-80
-63
88
89
-46
90
-84
37
-39
40
-93
-18
-25
-88
-65
25
13
49
-60
-77
59
92
-62
-96
67
-65
6
-47
32
-35
54
52
-46
-5
-6
8
-63
10
98
-2
-98
-95
80
-23
69
-84
54
-18
17
95
6
-24
39
-4
-20
-42
31
39
12
-85
-96
-82
68
-90
13
-86
19
50
-24
17
-100
-21
-26
81
56
-57
49
-37
-23
-82
-90
83
-6
49
-68
74
59
15
-35
-29
31
-79
-10
-49
-68
55
-35
51
-42
-7
-80
-42
72
-54
91
-19
-59
-8
44
18
10
6
-46
-96
-45
-62
31
66
53
96
-62
-64
-82
-20
-61
-50
87
-44
53
-55
50
25
-44
22
71
-53
55
64
40
-49
-18
-98
57
-12
-93
64
26
-10
31
-68
-62
21
-32
-44
53
8
-42
40
64
