10000
63
86
14
-12
-58
89
-89
-59
-4
75
33
48
-90
36
-43
-50
-5
74
77
85
5
-91
-77
78
-71
-68
31
-11
-58
-29
-94
-94
-91
-28
-54
-97
-39
-42
-55
10
85
30
-90
47
-34
-33
98
61
93
27
-2
-50
36
22
-72
17
6
59
-93
48
83
-87
54
92
-15
53
96
-1
-89
93
61
48
23
71
-52
42
90
-54
3
84
73
-98
-66
-39
-24
-37
78
82
74
37
-18
57
2
89
2
88
42
-50
-61
5
-57
-100
-47
18
23
1
-40
13
-1
16
-51
-76
-30
-64
-15
-2
-49
-84
-68
-75
5
14
35
-92
3
-63
48
97
-13
39
2
-18
-9
8
52
-86
61
65
-21
-39
-19
29
-63
3
17
-25
-99
68
-9
-67
45
48
-1
-20
56
55
-31
4
52
56
-57
-45
90
34
15
43
0
-24
8
80
-11
41
-39
27
-56
78
-98
97
-2
-55
82
-57
93
-67
24
50
88
45
-94
-7
-46
-98
0
-56
-12
-85
39
89
-9
99
69
81
-8
82
-40
-12
12
-38
-15
-90
7
-81
-47
-48
-47
29
54
93
-25
61
-14
29
63
38
25
-97
53
-83
92
97
-84
13
30
9
-5
90
97
59
-48
-65
69
11
-46
75
15
-41
-44
-30
-47
-17
-69
-9
64
46
-70
-10
49
35
7
-6
32
-25
-93
-38
84
-45
-96
34
-86
-44
69
84
19
75
11
-65
-65
67
5
-12
-49
-12
31
-85
86
13
-43
35
-51
16
81
81
92
89
96
28
-56
-100
-38
-42
-91
83
94
-20
59
5
-33
94
-27
24
-66
-24
-88
17
-57
98
-69
1
-14
-20
-83
-33
-87
61
-92
61
-10
-48
62
4
11
23
-12
-43
55
99
63
-77
45
88
47
31
-36
60
-52
7
10
-21
60
48
11
30
68
25
-9
28
-14
33
81
-100
90
-56
-25
-70
1
-69
-71
-84
-46
74
-96
53
-43
-32
-35
5
28
28
37
-12
-24
-52
-82
96
25
10
25
64
95
-42
16
85
2
92
-85
55
-77
-56
72
-71
70
76
82
-73
97
-100
-15
25
28
-78
65
-96
-78
84
53
48
-54
-70
12
-59
-12
-72
79
42
72
94
-51
47
91
73
76
13
2
11
-7
-1
11
78
76
-61
52
41
95
74
25
0
-26
23
-18
38
17
70
67
-4
-36
-9
-58
-34
-61
-67
-61
67
-1
41
-70
92
92
-7
22
68
-16
-74
10
-20
-100
87
32
-73
11
-85
65
-72
37
32
24
54
-76
66
-80
-85
52
-41
82
-97
53
-87
47
45
-42
-31
14
43
-53
-76
75
99
63
7
-74
-26
-26
92
2
-88
24
78
66
0
45
38
-33
-51
49
-98
-48
2
-85
99
-100
-75
-80
14
68
-33
-10
43
-34
-47
-97
-55
-20
-23
-63
82
-11
13
61
-93
66
-42
45
-67
7
-5
-65
11
49
-98
10
49
-72
-18
-85
96
1
-43
-8
19
-37
-5
64
43
72
-99
-23
-86
15
-62
73
-67
-52
19
-34
55
66
2
-82
-33
-44
28
69
-16
62
36
-67
-85
94
25
35
-91
72
-49
4
44
-95
81
10
-28
72
-16
5
-80
55
71
28
21
-75
46
40
-18
-73
9
18
89
-54
3
57
92
80
-8
-99
52
-5
5
-51
0
-62
11
72
-90
95
-23
-69
50
-99
11
-77
-74
-43
64
-40
-16
-75
31
-74
-29
-66
35
-37
67
79
-84
-29
-26
21
20
75
12
-68
-1
22
79
29
5
-18
30
-84
-43
8
-74
-79
21
-38
99
-48
-60
-30
-62
75
-14
-95
54
2
-23
-71
76
49
56
-12
33
-93
62
13
36
-32
47
-82
-64
-96
27
-86
78
-52
-23
77
-48
17
-53
-10
-55
-15
-52
99
40
-23
80
-32
-74
-12
8
12
-4
-30
77
84
-10
24
-97
-21
28
30
-7
6
30
22
-17
82
-60
-17
-76
-63
20
-76
-64
-40
1
69
-20
-20
-43
88
92
5
-89
69
-10
-47
-7
-7
32
73
75
78
-20
-43
0
15
91
-8
98
-85
29
-29
92
66
31
-7
-13
-88
25
44
52
-31
-50
63
-62
40
-83
-17
85
1
-91
60
-21
-11
69
80
56
60
-28
7
75
54
78
19
20
-39
65
59
-75
-10
3
78
60
5
-7
50
97
-38
86
82
64
95
-6
-57
-64
-37
75
92
-77
-100
-1
51
54
-23
-78
-74
39
87
85
64
-22
-60
-6
90
-2
88
40
-5
-50
26
-70
-86
-27
-24
-90
9
-8
37
2
-33
-11
-99
70
95
-69
93
-79
70
80
58
-14
-42
51
81
-52
-51
69
41
-4
71
-81
26
38
-7
-97
0
-98
-53
-63
4
14
-21
-42
-15
-26
-11
-22
-52
-41
-42
58
45
-31
9
-22
-31
58
-53
62
-45
71
82
33
9
-25
-12
-91
-23
35
98
34
-50
-23
92
-13
4
-19
17
52
-8
75
10
89
96
72
-80
-82
-18
-81
80
-11
90
62
-77
-1
-63
-37
-40
-33
99
-89
53
-99
-60
45
-12
44
78
57
-52
-78
-16
11
63
-19
-17
83
-1
17
-97
-69
-93
93
94
-70
-55
83
-55
-43
-50
-56
-32
-97
97
9
0
-63
-47
-70
94
-46
-96
-21
65
68
60
-100
3
-89
17
6
-58
24
-48
-64
6
-51
72
52
6
74
96
75
30
46
-16
-70
83
-11
-87
78
43
-83
-43
8
85
69
8
-11
80
78
47
74
2
51
63
-91
-100
35
13
7
9
-39
-18
-61
-93
18
-78
91
59
-65
69
3
-96
-74
63
90
95
-76
-69
27
-98
30
1
4
-18
-36
-35
-18
51
78
41
-39
92
-77
-48
99
-7
-26
90
-47
-39
11
8
-34
-11
-29
-92
-64
-5
-61
63
-3
21
-83
54
-97
-67
71
-62
85
50
79
98
42
55
-50
-7
-52
25
-64
-47
86
47
61
-96
-63
-67
-88
-75
-20
-97
41
30
25
58
-16
-20
91
-45
18
28
57
-2
26
-49
-47
77
-3
-47
-46
33
7
92
-20
-80
97
-31
-47
-91
-5
-14
65
88
-84
-10
46
0
70
-11
7
-59
-82
-83
39
-4
-80
44
-27
17
49
27
-50
-44
20
-17
-23
-31
52
-18
-22
99
68
-57
87
36
-15
-15
88
-92
27
-4
-51
45
-35
40
-59
-15
-64
-33
-97
85
46
-47
94
-82
36
-77
-13
-59
5
18
92
-74
13
80
14
99
-83
3
59
44
99
-92
-59
-36
0
-65
1
36
2
4
-27
-100
10
-33
-81
-54
-10
6
-61
48
76
-68
26
-10
64
-60
-59
81
43
-100
-22
-6
60
19
58
-88
54
-40
48
-92
16
73
-91
-74
-59
80
-75
31
-62
-36
-69
-85
-4
57
5
-88
98
-2
94
-7
-2
-76
88
-90
43
-2
-78
-50
10
22
-90
-73
-5
71
-47
36
51
-70
-80
90
-5
-49
-95
43
61
-38
56
11
60
2
-96
-42
26
92
-80
-79
-9
-58
-29
53
64
-66
80
-41
-95
86
48
57
-84
20
47
-37
23
4
59
-16
66
-33
95
-22
69
52
36
-53
44
8
-80
87
50
-56
-7
14
-22
-27
25
-17
-89
-75
-60
80
-3
39
95
-79
-57
54
-43
61
-79
-47
-61
42
57
27
89
-47
-65
62
93
85
-94
-14
-49
-16
11
29
19
23
6
60
-45
-96
-49
-50
-75
-53
-95
-18
-92
78
-13
-100
21
-56
27
-38
-50
15
-76
-57
-48
-70
29
-44
-34
-60
37
86
15
-57
-2
70
-53
49
-79
-76
96
78
7
57
56
46
57
-23
43
-64
-8
93
3
16
-64
8
-1
65
64
65
57
1
3
-27
44
-99
-57
44
3
-84
68
-1
94
-25
-92
51
74
17
80
17
6
-28
10
-91
41
-2
17
-60
-85
-67
57
72
34
-87
-55
-69
-86
-11
75
17
5
43
69
-48
71
29
55
45
-53
35
-38
5
60
24
14
-47
-78
84
-55
-63
69
54
-91
4
67
-93
-13
34
-52
-38
-97
5
57
24
57
28
-46
12
-27
-47
-100
-13
58
12
63
-76
17
85
60
62
74
30
16
36
86
-64
43
-27
70
91
-13
73
-52
-56
-2
-94
25
52
-30
50
57
-78
-62
15
-14
-99
39
-97
39
0
65
-35
-70
-66
-99
-84
-30
-4
-59
-60
-61
28
65
-12
72
-37
-54
-3
67
16
-52
24
-9
-62
91
77
91
31
81
-18
83
46
48
-87
80
49
81
-98
-54
74
-58
-15
2
-92
73
-74
-77
-81
-24
43
-12
-24
-81
79
-34
-89
56
-43
42
37
40
25
-64
-12
-10
68
89
-77
71
-65
97
65
-27
-49
25
98
-23
49
70
53
-56
-42
81
-37
89
-53
-26
-3
5
-84
87
97
-7
-77
-63
35
43
-74
10
14
-86
-41
-20
-61
10
57
-63
88
6
-93
-7
2
-83
-25
66
58
-26
-60
-44
79
-91
-57
28
-46
-82
65
42
13
44
-48
-72
10
12
-40
49
-78
-83
38
62
-24
-2
-92
78
15
-65
-4
-74
9
37
-18
-11
-2
-23
69
52
-53
35
-6
60
-69
-1
40
41
63
52
-58
85
70
80
0
98
-22
8
28
46
43
-75
72
-96
62
-94
-7
-88
-17
-85
64
-18
2
-89
-58
33
-38
35
-74
-75
-13
-32
62
-43
-52
-38
-93
-21
22
36
-75
-83
61
97
-78
-25
-97
-33
-13
-62
-18
-97
20
84
66
14
17
-72
-51
43
-95
37
63
68
46
-88
-70
54
-9
5
-10
-32
22
-97
-83
44
-70
-80
-88
17
-90
-54
-28
30
-69
-61
-56
0
-81
-54
96
-75
83
59
93
29
71
75
-17
-86
-20
25
-66
55
-20
-49
-49
10
-77
-85
79
-67
-38
-48
63
-7
-57
60
45
-86
-94
41
-61
41
1
84
-30
-76
12
6
91
92
83
-75
-1
-36
-23
51
26
0
66
6
-14
-72
10
-51
-27
53
61
-81
67
19
12
59
-40
-87
43
31
90
-45
89
81
-100
72
58
-49
88
87
-98
15
-60
69
73
26
49
-17
27
-77
-64
-11
94
55
-92
6
14
-79
-28
-90
4
-38
-83
-7
95
69
-83
53
-79
58
41
75
-75
33
-4
98
-41
-54
-67
38
-79
-31
-73
67
76
88
-27
-57
61
-3
-95
-35
59
-78
58
54
44
27
-40
17
-15
53
-8
10
-14
89
-40
-3
87
-7
-65
-92
14
-85
75
-9
55
-100
-14
16
-50
-9
81
-91
-35
39
16
-91
-34
28
-22
4
-19
71
-86
19
12
-73
-84
-1
20
-97
-41
-65
-82
86
-22
73
38
64
-11
88
-93
-78
50
-28
13
-82
-66
32
46
12
-64
79
-65
-98
-50
47
-71
-82
98
50
-79
-91
37
92
95
67
65
-14
-17
-93
-26
-10
-71
-76
62
43
94
48
-25
40
-39
-37
-29
-4
-35
21
96
-53
39
94
49
61
56
-14
53
51
-47
-30
-63
36
-71
-36
78
-89
-60
40
54
-65
-11
81
75
2
96
99
50
-39
20
46
8
-40
-7
-43
73
-51
-5
26
52
0
48
90
88
78
-94
66
89
-54
-41
-5
-19
0
-72
-91
-98
-76
-92
4
-15
-20
-49
46
40
-4
55
13
45
-97
91
-3
3
40
-61
-8
-30
-55
-90
-41
-8
-79
54
25
21
34
-14
-25
58
-6
80
95
75
83
41
-33
-21
-51
33
76
-48
24
-27
55
-84
-35
99
-14
10
62
-3
54
83
-97
-68
-43
37
18
32
-5
65
-36
-9
-8
99
84
11
-22
-67
-56
-46
-63
69
-20
93
37
45
44
76
-93
6
-27
14
-58
-23
46
-1
66
-84
83
-86
33
-52
-43
-75
-53
-59
37
-22
-73
81
-16
-36
2
64
-91
92
-39
6
68
-31
64
93
35
-94
-78
-67
-43
89
-51
-59
-97
83
-59
-40
60
-60
-47
-3
18
-68
-69
55
-51
-15
19
-42
-71
33
16
97
-98
-19
43
-11
-61
65
22
-3
54
71
38
9
6
31
21
-33
71
75
16
-58
59
-1
97
-92
37
-32
-81
66
-99
35
16
55
68
-41
-56
-92
-76
66
-43
31
-10
47
-60
96
-22
14
-85
-99
-11
-16
-57
-100
83
92
-91
20
-39
-72
-61
-38
15
55
70
-16
66
-86
-56
42
33
1
-27
-77
-52
-34
71
-22
80
87
-21
-79
-29
23
-79
-94
15
82
-21
28
-90
18
91
-22
-75
61
62
91
27
-94
33
-40
-41
59
-65
-41
77
-93
37
57
46
-84
30
-83
-9
3
-77
59
-14
-46
-13
-52
72
-70
26
97
43
-60
40
-29
98
-74
-17
-43
37
19
16
14
-22
-95
-77
-76
-78
53
-59
-35
-92
-84
-76
-6
-29
12
-5
95
42
-79
45
-14
-86
-63
9
-88
-37
92
-30
52
11
38
-34
89
44
-11
65
18
94
-94
83
-97
75
-92
-51
98
-28
44
93
-86
18
-10
-48
32
28
61
44
43
54
66
-4
-83
-43
62
59
53
-96
24
-29
98
-17
-94
-99
-90
66
-97
-92
-62
-1
53
-95
69
-56
-43
1
24
-81
98
-33
25
16
63
42
73
-22
1
26
-18
78
49
-20
-39
8
-66
-77
-26
89
-69
-35
-12
36
-78
-42
32
-21
11
-44
-50
-39
-24
75
78
91
-30
3
-31
23
82
3
1
-17
36
14
91
22
37
-82
11
20
-65
51
-91
-43
61
41
-12
-27
50
-9
-14
78
-34
-84
69
-12
-28
-61
-88
-46
42
-35
-11
-22
80
-67
-100
-31
-49
-37
42
-62
-85
51
-5
76
-56
35
-99
46
-74
-60
24
-7
-44
-6
33
28
33
45
34
-73
-89
-76
-42
43
-91
-90
-88
-40
-26
6
-50
-59
-43
45
-83
-46
-68
71
-100
-41
-89
25
4
-33
-81
-63
48
4
83
-66
-17
46
-90
-7
-11
-81
4
-47
-69
78
60
-19
-81
69
78
88
-77
-89
11
-76
-30
22
1
74
42
-28
-89
-58
28
46
-24
-89
-8
-13
5
33
6
61
87
-10
-9
-1
71
-38
-32
50
-50
-8
61
62
-32
-69
-64
69
57
78
-59
20
-80
21
-33
-51
32
11
36
89
-55
94
2
84
-64
93
-17
-92
-45
3
10
-42
47
-29
-80
-85
-46
-92
36
-89
87
29
-17
59
-50
50
-92
35
-86
-4
-24
-89
-57
79
95
-21
72
-70
-61
80
-15
49
-62
-67
-80
-90
-52
-74
-82
37
89
57
-34
-27
17
17
75
-23
-48
89
26
28
-100
21
-41
47
-100
-68
77
92
64
-37
41
-98
-52
14
-88
-52
-8
82
85
-18
40
-48
7
-91
21
-18
-62
25
-28
64
-95
-28
-15
-35
-80
-62
-51
49
82
-87
64
23
-85
-88
89
79
-39
-18
61
-54
64
1
-50
-29
10
71
5
1
-4
77
-35
2
-98
3
19
74
-7
68
-25
-25
81
-60
50
48
-96
40
27
-35
-78
-12
-36
38
42
-34
61
-96
-62
-34
5
-14
-56
23
40
98
-74
-41
72
-29
79
-53
-2
12
-61
-52
-40
-56
88
39
-39
62
80
-23
0
22
44
-39
-22
34
-20
84
72
-24
-41
13
-26
-63
24
98
8
4
97
-94
-84
-63
-94
-71
-67
47
68
-54
9
48
-24
62
-78
72
75
1
-42
-45
-63
-70
31
-52
-5
57
-15
-80
55
45
-24
53
51
-8
42
9
-27
27
-44
-58
25
66
42
53
-20
65
25
-45
-82
83
11
-93
-86
94
-45
-39
52
40
-19
-41
-15
57
64
88
-98
6
-51
-73
85
6
-31
-37
-76
-88
-84
4
29
42
59
-1
-23
-78
6
-57
69
61
5
-27
-47
38
32
-10
-52
-3
-70
-50
55
-21
-23
-7
85
-1
56
61
-37
24
-35
44
-82
77
-57
-4
51
49
-9
20
-38
48
45
-33
-13
-22
57
35
27
39
37
-66
-82
-86
27
56
-35
-65
17
28
12
35
-76
30
12
-33
78
-85
68
-30
-12
82
70
-67
-51
-43
-37
58
92
90
-3
29
77
-32
-4
-44
-76
61
-8
-7
-58
-96
-72
-34
-14
-8
-14
-35
8
-46
-13
96
-63
-43
-71
-14
-33
-7
97
-41
-65
-6
89
-88
14
-63
-31
38
50
13
84
92
-31
-88
-89
55
5
-3
72
-87
51
-89
-91
40
-79
90
-73
-12
-65
76
47
-29
-30
-12
-65
85
25
-44
-25
-72
69
-41
-80
-62
-76
83
46
29
-68
-30
-6
84
-18
-45
-24
3
-55
3
91
-19
-69
-10
52
2
79
39
-61
-44
96
-34
-16
17
-22
-43
8
2
92
-46
83
-75
-24
-23
61
58
32
-63
-87
29
-7
-96
-90
24
-5
14
78
-74
-46
69
-66
-98
-64
-29
19
-34
28
-73
20
-28
-67
3
-3
10
32
-90
-32
-84
-52
-18
45
-7
-62
56
-83
-15
-78
48
-37
-72
17
-2
-70
5
69
50
71
-51
29
-9
21
63
46
71
-75
-22
81
-7
-6
81
27
92
-26
18
48
-56
-97
22
92
-33
51
-39
17
81
19
-14
-17
-58
35
-87
-14
-92
28
-68
79
53
-37
13
98
9
-54
26
1
21
96
-51
17
99
72
-39
-82
-25
22
35
-44
93
73
40
-64
-40
5
22
-31
-67
6
-100
38
69
-35
36
-21
12
-86
80
85
-90
82
2
62
6
63
80
81
-63
-32
89
-69
-59
-19
-81
2
86
41
23
71
-53
-25
9
69
41
-54
-52
-47
-40
80
-62
-29
62
-8
85
-80
-45
65
53
-56
85
43
-73
79
-76
98
-67
63
39
56
34
39
83
96
8
24
94
8
29
-94
-60
67
-71
-97
-89
-86
75
-82
80
29
-37
17
-28
-58
-4
-52
-59
29
-89
32
-63
-2
-77
-79
-54
-17
45
-60
91
-73
-54
-68
46
-24
87
58
-10
14
76
-78
-57
91
40
-33
-66
88
16
-73
-30
-21
59
7
77
83
-20
-77
-82
78
-85
-90
-95
-38
94
51
-10
33
9
32
-53
-14
55
-57
-23
-53
10
-37
87
-74
-10
-43
6
-98
17
-65
37
97
-89
55
75
-74
17
32
-60
-37
-16
-18
96
45
-85
96
-69
22
-61
-39
69
49
-24
8
76
67
66
-66
21
-17
-79
-42
-68
-68
65
60
-89
-17
-8
-97
46
28
-14
-5
-26
1
-9
-43
-77
30
18
44
-69
95
-48
-93
14
70
93
87
-95
-85
97
-62
99
62
98
-90
97
-58
66
-4
71
-48
91
-55
5
-66
2
-20
64
73
-76
95
20
-72
55
86
99
0
73
-96
-33
70
94
-33
-16
92
-71
-18
87
95
30
58
-53
21
-97
4
7
-43
84
-29
-70
-92
-82
2
89
25
-12
88
-74
-39
92
-55
83
39
12
-32
31
42
2
-30
37
-68
-72
37
5
83
-59
-88
93
-74
-65
-77
86
-95
26
75
31
66
15
9
-72
-40
54
-89
99
-81
-69
-18
61
33
53
-50
65
81
39
-78
17
33
-66
10
11
-31
-15
-3
-25
-89
-75
58
30
40
-81
58
-100
73
21
99
44
53
-18
-43
-14
-65
-40
-96
68
99
-74
-15
32
-39
95
-57
-18
-19
-7
9
-56
18
-33
74
-90
-14
-16
-89
-88
-94
62
56
59
96
-86
97
83
-74
-99
52
-75
-72
89
10
-59
37
5
23
-82
98
-67
-86
-32
0
41
-21
39
-75
-10
3
-69
-96
-41
42
-99
-75
40
36
-49
41
-12
-71
21
-70
39
62
67
-56
-14
37
95
19
51
-37
71
-8
42
-38
-30
84
65
-47
41
-75
96
42
-98
-12
-22
-94
81
19
87
3
1
26
-35
-32
22
51
-95
-31
-78
8
33
46
53
-73
-92
-77
64
74
-24
5
51
-76
99
5
-36
-71
11
-54
0
-2
49
-99
76
-86
-31
-49
18
-74
20
-8
35
-95
-62
-12
-67
-53
-37
49
-79
-9
-46
24
16
-47
-71
32
-66
-7
78
35
43
27
36
20
-6
58
23
-88
84
95
4
19
-99
-5
59
86
42
-78
35
15
14
89
-61
82
94
-80
14
-72
13
-7
63
-43
72
-48
29
-34
-90
-96
-70
94
99
-13
-34
-100
82
77
38
-24
-100
-27
91
-34
-86
82
-100
60
54
-34
89
-32
11
4
-23
-16
8
58
2
18
14
33
-35
13
72
-17
-34
54
-40
-96
-70
-40
-70
73
-22
-56
7
-22
-95
-39
45
46
-19
-44
-98
10
-8
11
-80
95
81
34
-20
-54
-100
-48
29
-34
58
42
-78
88
54
-96
13
-67
-51
72
-37
-94
85
60
4
-33
69
6
29
-39
69
2
-92
51
-64
-12
49
88
40
-69
-94
-2
73
81
-62
27
85
3
12
86
-25
76
44
-39
36
-52
-20
5
7
61
19
-24
-37
27
79
-48
-84
29
-60
8
60
99
59
-15
80
49
-88
65
-47
25
52
28
-47
-52
41
89
-3
-79
-53
-96
83
66
-68
98
-55
-88
-50
-87
-7
-57
22
-95
-58
-67
-10
-78
82
2
39
-65
79
-57
16
-68
-8
-43
74
89
-69
-79
45
66
39
29
64
36
-7
67
50
86
62
-28
43
-96
5
-67
78
-61
-12
-31
-25
-33
13
43
-48
-95
52
-74
46
35
99
-57
1
-10
72
-82
-74
-82
37
76
-96
-1
-100
48
-45
-43
33
85
-3
-79
-46
72
-59
67
-33
-7
24
-81
-29
-30
55
-30
-35
-92
60
-62
78
38
-44
-33
15
-88
66
15
12
73
25
98
58
-78
-81
-87
46
-88
32
-87
-43
-43
84
28
-21
-9
50
45
-48
-38
35
-70
-99
43
-2
-32
7
-84
35
-80
90
-40
70
0
-18
41
13
-72
54
-54
93
-89
-45
78
40
34
-31
-58
-21
21
5
66
4
6
9
54
74
-83
70
9
89
12
70
59
-87
-96
0
26
-67
-94
24
-74
-82
79
56
10
-34
78
52
-3
-49
-43
-36
55
15
73
9
-11
90
-68
51
31
44
-27
-10
57
-23
43
-64
-38
49
12
-59
67
-8
97
-71
10
75
34
-93
-73
91
-29
34
-41
-55
-56
48
87
-72
-49
19
72
24
61
-18
54
4
18
-84
-46
82
-43
-79
-74
-93
-97
36
82
37
44
61
-20
-85
-4
39
-88
-8
-60
-100
20
-57
-29
-56
20
-68
26
-26
37
96
-58
91
79
-48
64
-95
-41
19
42
93
-44
-62
55
-11
-95
-97
-72
-82
-5
-80
70
-85
-36
93
-41
36
-75
38
-90
14
34
-96
-43
-35
-44
-78
-77
-33
-7
65
-39
50
55
68
-61
60
71
-81
30
-82
92
0
-67
-92
-7
-56
44
-29
82
6
85
-31
10
95
-14
67
69
9
86
-38
-74
-53
-88
81
67
-97
42
38
75
-76
56
19
25
41
27
70
38
-77
93
-28
29
31
-7
-61
26
80
58
-5
-11
45
57
16
44
22
-3
12
-23
91
-98
-96
-84
11
23
-7
-48
-98
-85
42
77
-91
-85
6
-8
8
-2
-82
-12
-92
-35
78
5
74
-54
-50
-52
43
14
26
-13
-32
30
-45
79
-94
48
84
60
63
26
38
24
-7
96
-84
-98
-6
86
-58
-45
-97
72
60
78
-82
62
-74
14
-72
52
-99
-3
-65
-44
-72
93
56
-88
53
-29
-9
-57
48
36
-60
64
38
-14
3
33
41
6
5
-46
-16
-24
-84
11
90
97
-85
43
-6
-98
51
-26
47
-41
-61
-47
30
30
-4
-22
-82
-12
95
9
75
-2
-58
16
56
-1
22
-59
75
39
4
17
-12
-29
-88
34
-74
15
-92
73
74
-53
-74
5
29
-25
35
48
63
30
-43
38
80
-49
-93
37
50
29
30
-22
-80
-66
47
8
-43
60
-58
-17
-25
-97
-91
-50
-50
-65
7
32
10
-58
-20
-26
25
-11
64
5
40
71
-58
-58
-47
72
20
-27
58
-32
34
-84
80
76
-49
-93
79
-40
-91
82
-4
16
14
58
11
46
84
-64
-65
49
41
27
-28
36
69
25
8
-10
99
-81
10
33
-65
-58
-39
-62
-51
93
-1
-41
75
47
27
-59
-43
-62
87
-58
-74
74
43
68
1
-85
-44
-78
41
16
-36
-8
35
26
77
22
68
-62
61
-82
83
-88
-23
58
59
-96
51
-84
95
-10
-90
-79
-36
53
41
17
69
97
-8
-38
14
56
54
-99
-17
31
24
-49
21
-63
-79
5
-51
-2
-85
60
-45
67
28
-98
-43
39
-77
-26
-8
17
43
-87
14
-65
-25
80
92
-71
34
-73
12
-42
-22
-66
-5
0
39
-4
50
6
-44
57
-27
84
59
-17
-25
35
9
68
-48
-48
33
18
-12
-91
-49
-68
90
85
-41
3
-57
-11
-11
-10
41
80
38
-56
-14
94
-99
12
30
13
95
-94
-52
4
26
-48
8
-41
70
96
-80
73
80
-89
58
-61
14
-99
-19
55
-57
-78
35
81
-82
-79
27
72
33
-90
-15
-20
68
-15
36
-6
37
-55
5
-41
93
26
-67
74
37
43
65
-97
-3
98
58
40
73
-7
-26
91
-34
53
63
-100
63
-52
-68
31
-15
69
77
74
66
-17
86
59
-91
71
-15
46
14
-97
1
-89
-99
-41
52
74
4
78
66
70
31
-19
22
-53
-18
55
30
67
-24
8
42
-58
91
-20
53
52
-49
-61
-50
65
-58
51
77
-57
-90
-19
70
-34
-41
36
88
42
-83
11
41
-49
-82
-28
-81
-54
32
13
-12
-25
93
93
-73
-56
-68
-23
61
-74
80
38
-30
42
-81
-60
-92
-70
28
96
25
-3
-41
-34
49
-23
-10
20
-25
-78
-67
15
-51
78
9
-24
74
41
5
35
68
-15
-26
90
79
-55
82
87
-72
10
36
53
59
95
71
8
-75
-38
80
0
-64
-87
-84
-14
43
25
14
17
-82
72
-95
38
-91
-21
28
89
-24
10
28
4
72
-36
-91
32
-88
81
92
-63
95
73
-11
83
38
-43
-79
-66
34
-12
51
53
-40
56
-9
-79
87
72
62
-84
-66
-9
-28
59
7
-18
-57
19
-85
-65
8
-90
60
98
45
-49
-45
67
-15
42
-93
88
-5
-81
-3
38
-60
-16
-38
-97
-48
-3
-54
25
-44
53
-93
-49
-27
-78
-14
33
84
99
31
-19
-98
39
-100
-61
-19
-93
-73
28
-74
24
-82
-33
61
-19
-78
65
30
-32
-10
38
73
-51
89
98
-77
-73
32
-93
78
-85
-59
80
6
-59
-81
39
-51
-53
-33
-73
23
-62
-6
-64
19
-32
-98
-99
-12
-8
39
-38
42
-20
-40
65
7
92
25
-14
60
18
-82
-34
59
-62
-94
60
-63
-75
88
12
-37
-66
49
34
3
3
35
43
95
-74
-95
-11
6
-82
-93
-86
62
-16
-48
22
54
-30
89
13
-40
95
-74
-3
-80
-86
62
-64
-52
11
70
3
-86
-42
99
61
-16
56
-97
43
74
62
57
37
98
61
-89
52
83
-100
-83
-56
47
-57
-7
20
-43
-45
8
-42
18
-22
13
32
36
-36
-54
73
-79
-99
16
95
15
-75
-16
13
86
-4
-35
69
-52
-66
65
48
-22
-41
-80
-13
14
28
45
-67
58
-89
17
-5
-25
15
-80
-4
-32
36
-56
83
61
28
-4
-1
76
13
-80
77
48
86
25
78
97
-3
-35
-37
-75
-89
-4
83
74
66
-70
-99
-67
-50
-2
2
38
42
-15
-49
-78
34
50
51
-53
23
28
47
-39
-95
25
-42
2
91
-27
27
54
22
-38
-20
-12
-7
-19
21
-5
79
75
86
-27
-39
-63
-52
47
40
99
46
-37
-21
-6
24
-16
71
34
86
14
59
-35
-80
-19
27
0
21
72
82
95
-80
61
70
-94
87
83
-57
87
30
83
86
-23
98
-83
23
-26
1
-6
60
-13
61
20
4
81
-99
83
-18
23
56
-36
18
28
77
-60
34
16
-76
29
3
54
-35
-59
83
-37
-42
6
38
59
53
-2
98
14
70
-46
-53
72
-62
29
-53
94
45
17
-26
23
57
-92
-61
81
-11
-5
-12
54
36
-77
-82
95
30
8
6
-65
-94
-43
1
77
11
48
1
49
-70
48
-5
75
-83
69
-50
74
29
-58
8
-81
37
48
73
-75
71
43
72
-47
-49
-69
-60
-90
-12
41
87
51
-58
-60
1
-76
40
48
99
57
-30
-98
31
99
96
91
70
-15
39
-4
10
11
-61
-17
16
-57
-34
57
-47
54
-2
92
-43
-8
-68
10
16
72
-41
-32
29
29
-78
-88
-20
-82
-96
-49
3
43
-1
-87
-94
-10
-52
23
33
14
-20
86
-80
30
30
-22
-77
62
88
-9
-14
99
59
67
-20
81
80
61
51
36
64
-46
-69
-37
-32
-62
5
-32
13
-61
35
45
-75
7
-25
8
37
-50
-30
-22
-6
9
-23
-47
-24
10
87
-92
-29
38
-4
87
93
28
-98
-87
18
7
-67
-69
46
20
76
24
-72
-97
-68
65
-94
-46
95
0
63
-27
5
92
83
-8
52
-94
83
-51
45
28
77
47
-7
-5
-94
-22
-22
5
99
-46
81
-73
-91
-87
44
-85
-81
40
15
35
65
73
-21
0
-83
-69
6
-100
-20
-97
-20
-91
2
73
-44
8
-48
34
-87
-49
40
94
-70
50
59
74
17
31
-34
85
-34
-69
58
45
31
75
76
89
28
-91
92
-92
70
-6
34
-73
55
38
13
20
41
-46
-33
71
56
-74
-3
-75
57
64
-90
75
47
20
20
-21
-52
-51
-80
76
-90
-87
36
80
-41
-30
59
66
60
-27
-13
1
-21
54
-28
87
32
70
-88
-58
-14
75
-83
-67
-53
-10
-36
-5
39
-15
-77
49
-50
60
-19
-39
82
-59
-72
43
-34
-33
-56
45
73
-31
-16
5
91
-52
-1
-23
75
-31
-38
-77
59
27
-30
-50
-88
-6
51
-86
-94
-68
-25
40
-27
-45
-17
39
22
-20
-64
-5
49
20
53
-8
69
-96
69
44
-27
83
19
84
10
90
-66
-26
-64
85
-12
-58
-82
16
82
-57
71
-82
83
-54
-50
71
-7
51
-8
98
-57
-87
-97
64
9
-72
47
-71
-87
-90
71
-53
-64
-93
-67
25
-99
-97
93
35
-54
16
53
-71
62
55
53
-44
6
-55
-46
49
-90
-91
-35
19
-62
-87
0
-49
-77
-29
-2
-89
-22
-17
36
-21
-14
-19
-85
33
98
20
14
60
-72
-33
68
34
-36
75
-64
-26
84
1
46
-78
-34
-54
-27
-59
18
24
-47
48
-93
41
-72
-6
-77
95
79
73
-33
-7
-15
-5
61
-46
-70
77
-71
-82
-96
65
19
50
88
38
48
-87
79
-82
-11
-68
67
-3
26
47
43
49
42
22
-26
-91
67
59
-43
28
-87
-61
-42
94
-43
-38
60
28
64
0
-34
12
13
98
31
-97
82
-2
-48
8
-55
95
-91
39
-31
-17
0
-64
-57
57
17
-44
96
75
-97
-95
89
63
-14
53
-37
4
-35
28
2
48
31
-15
98
35
45
-57
-18
55
34
51
-62
-65
40
-67
44
-43
-10
-7
84
-55
-50
73
-92
36
26
-77
-59
43
51
-5
-56
-65
32
-58
22
-22
-62
-95
85
72
8
-77
59
-52
-43
4
-43
-1
49
-59
44
99
66
4
36
-56
-21
29
40
-70
-76
84
-83
57
-74
40
-65
-36
45
-80
89
-95
95
48
-46
-96
-96
11
-45
53
5
51
53
-77
-93
-59
-32
-14
70
-92
-31
94
92
-14
51
70
78
38
87
-25
10
76
-19
-42
-24
35
-86
-19
98
-30
86
-45
-79
39
-21
-71
80
47
15
50
7
84
-3
-49
-77
-100
-79
-99
-9
60
-23
53
-12
58
-89
65
-55
-74
98
95
-4
84
-49
-31
-24
30
-50
-44
-71
18
59
36
-46
-92
39
-23
-92
60
-21
-49
-27
8
-95
61
-82
-84
26
-37
94
-24
-90
-58
-39
-39
12
37
43
14
45
24
-68
-44
-88
-13
-36
51
64
-75
-36
95
-24
37
-45
-19
-2
-27
-50
77
-12
-56
-47
-1
-61
14
12
51
-97
-92
-83
1
32
-50
57
-3
37
74
-52
-47
51
-36
-99
-73
-99
-44
-39
0
-18
-37
-71
70
-41
-18
-79
-2
49
-14
-99
52
-6
-81
-47
78
-31
63
-25
58
37
-24
63
-12
40
64
-33
-6
73
-20
46
-45
43
75
77
55
-91
99
-47
58
-15
-45
-37
31
-74
-32
9
-53
-69
37
57
20
65
20
-92
-43
-63
-72
51
-90
8
-51
-83
-96
76
94
11
86
45
64
44
-70
71
59
61
97
-72
-77
-56
-41
12
-99
80
-23
-26
40
-14
11
68
90
-27
-71
-61
-10
85
-84
-64
-4
54
82
-88
-2
64
84
-90
-22
33
-62
1
30
-3
65
-17
-71
-58
9
70
-20
72
-10
-30
-55
19
-38
-13
-44
-22
24
4
-68
6
17
-18
-30
-47
-8
48
38
-18
-99
-80
80
66
4
-91
60
-87
31
-59
38
-78
-37
83
-7
25
-29
2
55
47
-94
87
-95
-25
-78
-73
28
-34
28
-81
49
29
-61
-19
-52
-5
-58
60
-39
74
-99
99
48
-83
82
-59
42
-95
43
-2
4
2
-63
9
77
-89
37
-42
-22
-35
-23
79
46
-32
-88
94
64
-46
55
-75
80
8
-76
28
25
58
22
-80
16
-35
18
-80
19
55
30
-3
67
-81
55
97
-16
84
76
82
-48
88
77
68
94
-16
93
75
44
69
3
-78
-20
-75
-58
48
-57
12
68
62
-33
-50
-89
-66
-31
66
83
5
2
11
-12
7
-49
-83
-25
-54
-47
-79
-79
49
42
-24
71
-78
-46
65
70
-3
-23
-9
-89
45
41
-77
31
63
41
-33
-32
-56
78
56
51
-70
73
78
-24
78
99
-51
28
42
25
-1
64
79
-83
-13
-72
-6
78
-60
91
-29
-37
-25
-66
56
42
-45
-100
-28
-89
3
2
37
-18
30
-33
-19
79
95
-77
-43
-5
40
88
-36
79
69
58
9
61
2
80
76
29
67
32
-77
-78
33
-5
85
88
50
-26
-30
-20
42
52
-88
37
27
-79
84
-81
61
-100
98
30
11
7
-9
-87
-60
-33
-6
59
52
17
33
-15
-88
18
-27
62
45
-4
-57
-61
-100
-93
28
27
-72
13
-1
89
13
-3
-28
76
57
15
89
97
35
-17
8
-13
-100
-59
24
65
11
49
27
-92
-55
22
-53
-55
-19
76
25
9
-59
-76
-49
6
21
-25
-17
-70
90
-76
79
25
8
-13
64
-40
-20
-12
-75
92
-62
5
-100
-17
79
-100
-19
-39
76
-94
22
69
82
73
-25
3
-100
58
-14
91
83
-35
-32
-57
53
-67
-45
-67
21
-67
77
59
38
30
95
-31
30
-72
-18
6
-66
-95
-73
-84
30
2
-29
31
-87
9
22
96
75
90
91
-20
75
-54
-35
-3
-21
-57
-92
69
73
55
91
-45
83
-27
13
69
-22
40
37
61
-58
61
-8
-45
-30
66
-97
97
8
46
-23
-16
93
43
33
-76
38
41
46
-37
-51
-11
18
84
62
-69
6
93
71
-57
54
-87
56
98
-79
79
64
76
76
-76
23
-94
8
-32
49
-59
-56
-61
35
90
2
36
-21
-80
20
94
-97
-74
87
74
-78
-7
39
78
-9
12
9
-93
-11
-14
-69
-88
-8
-8
-68
93
-15
-24
-68
72
-33
-14
8
-2
-42
81
-56
-39
59
-69
87
81
-24
-22
12
67
91
-79
26
-68
-41
58
96
51
-98
-72
-4
-13
4
-20
-40
23
66
20
74
-76
1
-82
-63
-87
-98
-76
46
-22
3
-42
98
-54
-68
24
-70
-57
-66
-74
47
-64
-94
-57
24
10
24
36
86
-58
-44
60
-33
58
30
4
23
32
-19
-31
-89
84
-20
-91
82
-36
33
-88
7
20
-62
-46
56
-56
-50
-20
6
26
-84
-56
68
-27
56
-65
83
-13
-8
-42
-81
73
27
82
9
-93
91
-9
-29
-23
-45
31
97
-55
37
5
-59
87
86
-1
-35
54
44
-66
79
0
-79
14
87
-35
72
59
-62
0
41
-1
7
-15
90
31
14
97
-38
-37
-58
99
68
-17
39
6
83
-96
-39
-21
90
92
79
64
7
19
-71
-21
-70
-80
79
23
19
-61
60
-38
22
-74
-41
84
-11
2
35
-90
37
-26
16
-28
-69
29
51
73
22
-17
37
81
-98
19
-40
84
39
92
7
-42
-69
-32
20
53
-6
32
-11
36
86
-76
46
23
-49
-86
48
-66
-4
-1
-93
70
34
45
51
-12
-36
-89
-28
55
-97
80
-87
86
-100
-14
-9
-6
-82
32
-70
-96
9
28
-21
60
-5
-73
94
91
-21
53
61
-87
-50
12
2
-34
-25
74
-79
-69
6
87
69
6
-27
-39
-99
-57
45
83
99
-46
-36
-70
66
59
-90
12
50
-11
-34
-37
-46
16
75
8
83
-98
-65
-96
-67
41
91
-97
-52
-84
-84
-99
-89
61
36
62
-84
52
93
34
11
55
-53
-87
96
13
-24
-50
-71
-97
59
64
-94
94
21
91
-13
12
94
-13
-19
62
-60
-56
24
77
-93
-8
29
52
-74
93
7
-75
-94
3
38
-65
5
20
90
-84
-16
96
62
-95
40
-50
-30
-14
37
3
-51
30
47
25
7
6
69
88
-90
95
81
17
73
40
72
11
75
-70
83
65
-54
-80
14
-91
77
-94
-89
99
-8
0
2
-7
-70
-98
-82
-11
-40
87
-22
-29
35
-89
40
8
3
13
71
-70
43
55
48
41
27
-86
50
4
-80
13
4
12
-86
58
-94
-56
60
76
34
73
64
64
-56
-49
27
84
59
-69
-51
30
-39
92
-63
-91
-14
64
-77
-64
-79
95
2
-23
-40
16
-65
-82
12
48
94
-54
21
58
62
17
-91
-10
1
20
21
51
-97
34
-5
92
-4
81
57
19
70
30
15
-28
-93
27
88
94
45
-48
-6
39
-1
-85
-50
-87
32
-89
3
86
32
76
37
35
11
84
27
-93
66
-64
-22
-12
18
45
60
25
-28
0
-28
-83
52
66
57
-97
34
59
-83
-34
70
-28
-96
2
-51
41
89
12
26
-31
19
-56
-43
49
32
76
-5
-8
-47
19
44
-23
37
-52
-56
-54
-48
78
-95
-79
96
27
-7
-99
-70
-6
-6
71
-94
72
92
-23
-84
-98
-73
48
30
-26
92
35
45
-12
-87
-66
37
-91
-68
41
87
-63
62
35
17
-93
-12
47
2
83
-30
-40
55
-85
38
24
-83
17
-28
47
43
-83
-18
-12
5
-5
-25
-58
4
7
35
-57
-3
-3
31
-86
-43
-81
13
59
54
83
71
-38
98
9
86
67
78
-90
14
21
-73
97
62
33
-56
-63
27
49
44
-37
44
-59
12
-25
-45
69
-53
20
-20
53
4
-48
-85
-46
13
53
-78
-8
64
-12
-87
43
-15
27
-72
-18
64
56
83
9
71
27
2
-65
55
10
-95
-98
-70
-63
7
-14
-59
23
-7
55
-24
15
-53
92
55
-88
36
-59
40
64
23
-44
-28
6
65
-57
85
-80
-21
40
30
-64
-6
12
-75
-98
99
-33
-23
-8
74
5
59
-79
-2
14
85
-66
7
-23
98
82
34
-29
-60
-49
-34
-74
-29
-3
18
53
-15
65
-82
11
67
-83
30
96
-39
4
1
72
-23
99
-14
-38
-67
46
40
84
28
-74
-93
69
-23
-27
95
1
23
-35
-94
-92
-70
-76
-29
49
93
-99
45
-94
5
99
78
82
98
-83
97
84
63
-11
20
-57
15
27
-88
44
52
59
97
-25
-75
-96
-16
-93
80
55
57
26
9
-46
-16
-86
-47
-85
49
-48
-68
46
88
47
-65
8
42
2
87
55
-54
39
-34
-56
-85
-57
-100
-49
-49
32
58
60
-90
-33
-86
-5
-66
-32
-38
83
-28
-6
-19
-88
93
16
20
35
-82
-41
-58
-84
98
-39
-88
65
4
64
-84
7
-51
27
-33
-41
94
-18
6
80
50
68
63
74
-86
-56
86
59
12
-42
-5
-18
17
-11
-1
-33
50
-37
-67
-93
-72
-99
14
-23
28
82
-12
-25
-84
47
-45
18
15
-81
-8
-18
-85
-70
-59
28
-12
-12
62
57
78
-39
-76
-20
-23
-43
-13
5
-89
54
34
39
-12
-78
-86
4
69
-30
-78
-63
-59
-34
-29
-44
-52
12
36
36
-99
-1
-55
31
12
-31
63
89
-21
-49
-54
-10
57
80
81
-55
55
96
49
-24
-34
23
-35
-41
41
36
15
89
-51
-96
-23
-98
3
22
-15
-85
43
-52
57
74
-49
-97
-84
-92
36
98
-47
-9
94
54
19
-88
-71
85
-29
70
21
38
11
22
42
88
24
-55
-38
-91
-87
-94
-42
70
32
9
25
49
18
-39
47
23
4
41
-22
-76
5
7
61
76
-70
-18
14
41
-95
-43
30
-19
-46
92
-9
-81
50
1
41
-17
62
-33
84
-68
-20
31
56
37
-76
86
61
29
-7
-26
-43
-25
56
71
-83
13
80
-1
95
87
-57
-62
-94
94
39
0
-71
1
67
-87
-14
99
44
-58
36
20
-72
-51
-51
-27
23
6
1
-68
-71
18
45
62
-83
40
49
-40
30
7
-94
-31
-93
-65
23
26
-100
-91
-22
-4
-97
-86
-84
83
-84
-35
-92
-9
23
9
23
53
-73
-79
15
96
13
-84
-91
-56
-25
-85
-35
-65
-97
88
13
-97
49
91
-48
4
58
-32
-13
74
-14
-4
-83
-91
57
41
62
37
62
-71
33
-73
97
-6
-29
-27
-38
37
8
-35
-23
-79
-80
-73
65
-28
31
23
-7
71
-51
79
-81
-34
88
76
59
3
13
-27
32
99
1
30
-55
72
55
7
9
-85
24
87
88
45
66
53
69
-51
-72
-86
-80
-23
93
91
-4
82
20
-45
-63
85
-19
69
84
82
-49
82
6
58
-11
68
73
-86
7
14
11
-27
-33
-68
-26
-52
-53
-53
25
92
-62
73
74
58
81
63
44
-38
33
-20
96
36
-86
2
-5
4
-78
-80
-30
29
34
33
54
54
65
-71
54
64
-72
-21
57
-82
-95
-17
77
86
-53
-27
-52
32
5
96
-32
20
-2
15
76
-27
-12
-54
-98
74
79
9
-20
-4
-10
-66
-87
18
-34
70
36
-29
-95
-35
-43
-48
38
-43
84
96
-47
-95
16
3
-28
-8
76
60
-10
31
-13
-79
-60
67
17
30
-98
-18
-52
-32
-48
36
39
-42
-98
96
-38
-8
-47
99
-12
-42
56
56
61
-72
-52
38
41
38
-31
-72
59
-39
95
-71
91
97
11
91
-83
16
-21
56
26
-19
4
88
26
9
87
-86
67
-5
71
29
24
71
-81
-35
10
-60
-55
-79
1
-60
-98
-56
90
-34
87
59
82
-34
16
8
48
72
-52
-26
-66
88
-60
-99
-17
63
-18
59
35
-47
-76
97
-7
-79
-82
46
-38
73
90
-96
-61
77
63
-79
-56
-69
-19
44
56
-19
70
90
-31
62
43
5
26
-74
-36
-39
-21
-59
-42
25
-38
-24
-29
-24
-99
-86
-68
-60
43
96
-87
39
79
-6
-17
-13
76
-95
-23
97
68
73
2
-6
99
67
55
-70
-92
65
7
-30
93
79
-1
95
45
31
-65
-12
-21
-51
-72
-89
-5
-37
-2
-77
-31
28
73
89
1
-25
-17
-48
94
90
-66
-98
55
42
-75
48
-27
-24
43
-82
-93
31
6
-13
32
-14
-2
-73
50
48
-97
71
-24
76
60
29
-97
-57
33
98
-67
68
52
40
-38
29
-12
35
-95
84
5
-87
15
63
-48
-53
-50
50
-74
52
-2
-71
23
27
57
-17
-92
61
26
42
59
11
-38
11
-97
24
93
-9
-89
98
-73
16
63
42
-21
-85
89
-19
17
68
-67
68
97
8
-5
55
91
3
-32
-31
97
-73
80
-41
-10
83
83
-17
-73
94
-66
-46
-38
97
49
-6
-87
-10
75
30
-42
61
-2
-92
-31
45
63
-87
-99
-69
-18
98
-90
-85
-90
-48
50
93
36
77
40
22
84
-98
19
-15
-52
-16
75
76
67
-66
-11
-35
-58
58
63
57
23
64
40
-94
14
50
-79
24
-98
71
-30
-10
1
62
-88
-63
16
-16
22
65
20
-3
41
-13
-17
-70
5
-23
40
-32
-66
-36
84
26
-30
-50
-24
-57
27
-69
-86
49
-27
-33
11
-62
4
-73
22
78
44
94
-72
-15
-18
11
15
87
41
-92
-93
27
-28
43
-46
-6
93
-18
37
-28
13
3
-79
39
23
-16
77
79
12
-49
58
-44
-55
38
-6
27
-99
61
-34
42
69
-75
-30
93
68
-24
-13
14
58
76
38
-76
-68
60
63
7
-56
40
-14
8
91
96
17
-64
34
-89
16
36
72
34
-70
-6
12
0
-13
-20
76
27
46
35
-45
-63
59
-13
97
-26
94
93
-86
-67
-46
57
-71
71
45
16
34
-87
-48
-42
48
-18
52
-40
35
-60
-8
-37
19
91
50
74
-72
-39
-86
77
35
60
22
49
93
76
6
75
-1
-96
-9
-67
-83
-5
-56
65
29
96
77
-84
88
-78
-20
7
-87
82
-18
93
-56
-52
22
79
-92
-56
-19
54
73
39
29
-28
43
72
-42
61
-81
-46
-22
0
-50
-44
17
-61
-70
49
-2
95
31
32
88
75
80
10
7
89
6
88
43
-21
27
-76
4
-77
48
14
84
67
68
-86
-33
70
-78
36
61
-48
-63
-40
-53
21
92
87
-52
25
-51
55
-34
56
-5
61
87
75
85
-57
98
33
9
34
-48
-71
48
-29
-100
71
60
61
-77
97
-79
-77
-30
66
-90
19
-9
-40
-74
9
68
22
-30
7
-3
-45
51
-5
40
-88
81
92
-58
29
-85
-58
-48
75
55
-24
25
29
-49
95
-5
-87
14
38
-27
41
-53
93
-37
17
-47
12
24
56
59
-84
68
40
-92
-90
-79
-77
-96
-26
51
60
2
-24
-11
53
-29
36
66
38
-74
92
-21
-27
37
-6
42
90
58
-82
46
17
-66
-33
-91
94
-71
-70
69
-66
4
20
46
-94
48
87
11
-80
23
-22
58
49
-30
89
74
59
-65
-32
50
93
-14
-52
-38
-28
15
-29
-34
45
-47
87
31
58
-40
-23
16
-92
-36
-72
-72
39
-42
38
-60
-20
-21
66
-61
14
-66
89
-41
-28
90
-27
-4
5
-4
14
-50
50
1
33
-40
61
-90
76
70
-74
56
50
17
-86
-59
57
-6
20
23
34
87
9
-25
-54
33
-35
-28
-71
71
68
43
73
18
-55
-41
78
58
-31
7
28
-52
-37
-69
65
-70
-28
-25
24
92
50
-42
79
-88
-14
78
45
51
-50
75
-26
-82
18
-100
-11
15
-41
-81
-26
-20
-22
54
28
42
85
-54
24
-91
21
-52
-98
-77
-41
33
-65
45
-37
81
-4
13
56
23
-16
-74
23
25
42
34
-4
68
-86
75
22
-5
-31
-40
41
93
-79
-86
-59
-77
-63
0
9
-75
97
72
-94
-54
-62
14
69
-26
-8
-56
99
86
78
-5
54
44
-30
-71
-61
39
-59
80
-16
-38
94
26
-62
84
78
-1
-91
76
-29
67
-78
-39
-67
43
35
25
87
-14
12
17
82
-82
-39
-96
99
1
-4
-60
-67
80
-45
-72
-42
-55
64
-63
44
25
-87
67
-8
87
-71
25
30
64
-98
-31
-97
14
86
85
-15
99
41
-16
0
-63
-23
34
70
32
14
-72
77
-70
-35
-27
55
-70
-60
99
-83
-31
24
-1
86
26
20
89
93
6
26
-22
-42
-33
62
58
-43
91
-56
-73
23
10
-45
-48
40
-27
25
-53
3
18
-54
-27
87
22
24
25
-99
-55
-34
94
3
44
-76
61
64
38
20
-79
30
16
-100
-95
-73
-45
-42
19
-20
35
67
36
-47
-87
-91
93
36
33
18
-11
30
37
-17
-66
-19
-41
95
-55
97
-33
-82
-21
84
-82
-15
63
-74
43
-18
6
-70
-51
-58
-16
-85
-97
-23
51
-11
47
-60
-81
-64
-25
-47
18
-14
-99
15
-17
-32
34
63
-96
4
-100
67
30
-5
-98
89
25
-49
-69
-91
-34
-65
-62
69
-24
38
61
-5
74
88
1
-56
-26
2
12
10
22
98
-75
27
2
-75
-54
85
20
-52
74
97
-48
-95
59
-30
92
97
92
-32
-13
5
16
-86
-54
69
-90
-28
-29
22
82
45
-28
59
-76
75
36
-29
12
-44
-29
-14
-94
-25
-9
65
46
-64
14
-10
-44
-98
95
24
68
93
-7
78
-34
16
-47
-100
-38
25
60
-14
-48
-4
9
64
5
33
-50
11
-92
-6
-24
6
-18
90
96
38
44
44
-37
12
37
8
-9
-97
-75
-4
-96
-61
-79
16
25
-74
64
87
42
-31
20
45
32
28
-61
60
-65
-27
3
-69
-89
-53
27
-74
12
-35
-13
55
-80
12
-49
76
51
-76
-8
-72
-50
-91
-85
45
-22
35
-10
63
-84
-19
23
-97
54
78
-66
17
-74
14
-4
-10
79
83
-55
99
-5
-4
28
98
20
-80
-74
23
-71
94
-80
-40
-19
10
75
-3
91
-50
0
-3
-71
-13
-86
-93
53
10
-3
32
-55
42
-17
-8
90
-89
-10
10
84
-31
85
65
-85
-95
-75
-4
-33
52
46
-90
-97
98
7
-68
-63
-26
91
90
36
-12
22
82
82
58
-26
72
69
17
-66
5
38
72
-29
53
77
-52
-51
-55
-99
47
-45
-96
46
15
88
83
89
79
26
25
-81
-100
-41
-99
58
34
25
-20
-97
59
85
41
31
-92
-6
-39
-43
-5
-42
-42
-57
-35
-86
89
80
-98
24
69
81
-98
-53
-100
-97
6
53
13
92
-22
93
95
89
31
-12
-27
39
82
34
48
-22
92
58
-27
-43
72
-38
90
74
38
11
7
41
58
7
-4
-83
-88
-91
61
-10
-97
9
-20
-14
97
53
77
32
-61
26
62
83
-16
-65
92
-91
-51
82
83
87
-6
-9
-20
-96
50
76
73
63
86
35
-47
41
96
-15
-73
93
90
56
-23
81
-66
-61
64
-29
-26
57
-20
23
39
-37
-37
85
6
-5
90
-43
-76
63
-80
62
-50
-75
3
-54
-37
-18
92
-47
-62
-31
-65
-27
9
51
-4
35
8
76
-41
-100
-61
-26
85
46
69
27
55
45
-57
75
7
-7
52
-90
-8
-85
-56
-16
-79
-65
53
-92
-40
-86
59
56
50
-32
32
61
-32
23
-65
-95
-79
56
33
76
-46
76
3
61
-79
-44
24
13
-77
68
49
-56
-97
-45
-48
-37
-31
-88
71
-81
-68
3
32
-48
-73
19
-43
-52
-72
42
77
-18
18
-20
-57
-8
36
67
57
12
36
7
56
-9
62
-91
7
-69
73
-22
-97
-95
34
35
-43
61
-93
-34
61
-65
-91
38
17
-21
-81
60
71
7
-20
29
-81
68
-64
28
-41
98
-11
18
81
-38
97
36
-81
31
-28
-24
-56
-21
42
-95
-34
3
-4
83
83
-33
-5
54
26
75
-65
-2
43
-29
-74
55
-79
15
-27
55
29
-78
-9
48
53
15
76
49
46
-30
7
-88
74
-97
95
57
-30
-9
-37
96
-82
-49
-54
62
-26
-28
-31
-4
39
42
-97
-32
65
-6
-84
-30
-90
44
-80
56
-85
27
21
89
-18
16
-2
52
59
13
0
30
64
47
-56
-61
71
13
-13
11
-45
-10
31
72
36
48
95
46
-8
-85
-45
-41
-6
76
-100
76
-56
-50
-20
56
64
32
-14
-20
-69
30
19
-97
95
58
-34
-98
-100
97
75
37
-3
70
-65
42
37
-10
-99
83
-82
-98
59
-85
-96
91
71
68
23
-91
-51
55
-9
20
10
-14
-69
28
-12
-69
25
-85
68
-77
37
56
65
-74
-54
18
-91
-83
-28
68
-68
-23
11
55
97
-65
64
98
42
-93
19
-96
-55
2
32
-15
33
-43
-47
-46
-68
90
-90
49
-83
-92
-80
-74
-75
-8
47
-91
69
-42
64
67
-55
-20
65
39
-13
-64
-5
32
-10
-73
70
76
-63
-77
-70
-79
-87
92
71
82
52
91
61
78
-65
-40
39
57
-30
4
-24
-32
84
93
-93
-76
82
3
8
-28
-18
-22
-52
-29
1
-70
-7
-33
74
-84
-99
27
-93
62
-43
94
-78
96
51
-55
0
-73
13
-63
-79
20
-39
-97
75
69
-73
-90
-100
-24
-19
-47
-42
74
20
-67
90
-26
60
49
-64
-83
44
-89
65
-5
-92
-34
-25
21
-45
-52
93
16
-97
69
-63
-70
79
-63
-42
-88
-57
17
87
63
50
77
89
10
27
-74
-21
-77
89
-56
-30
97
-38
-3
-30
17
45
-37
85
48
84
-77
31
15
-88
41
28
-45
-42
15
71
-92
-56
60
-30
23
38
1
46
-21
46
69
-72
-92
-34
